camera_info:
  focal_length_x: 1345.200806
  focal_length_y: 1353.838257
  image_width: 1368
  image_height: 1096
  image_crop:
    top: 100
    bottom: 700
stop_line_positions:
    - [8.0, 16.2]
